2.243621500000000015e+04
1.422263739999999962e+04
1.283807460000000174e+04
1.286098389999999927e+04
3.747706925000000047e+05
1.418117250000000058e+04
6.130747050000000309e+04
1.810958910000000105e+04
4.114448649999999907e+04
1.885719652000000351e+05
8.376735599999999977e+04
1.339036590000000069e+04
1.082117933000000048e+05
3.592688550000000396e+04
1.529788500000000022e+04
1.612777730000000156e+04
1.130036830000000009e+04
1.258168620000000010e+04
1.499660920000000078e+04
2.961606859999999870e+04
4.414920200000000477e+04
2.969934860000000117e+04
1.436558029999999962e+04
1.796940710000000036e+04
1.157338600000000042e+04
2.947703790000000299e+04
7.464443450000000303e+04
1.558081259000000136e+05
2.419352140000000145e+04
1.301772190000000046e+04
1.508382339999999931e+04
4.533937770000000455e+04
1.323628390000000036e+04
4.680158330000000569e+04
2.311559370000000126e+04
1.068424389999999948e+04
1.660415060000000085e+04
6.967624360000000161e+04
1.450352050000000054e+04
8.473650029999999970e+04
2.531148170000000391e+04
1.603162390000000050e+04
9.821835229999999865e+04
6.776998279999999795e+04
2.130065120000000024e+04
2.563053107000000309e+05
2.610044910000000164e+04
6.872779820000000473e+04
1.190244070000000065e+05
1.240896789999999964e+04
2.806307719999999972e+04
1.725405069999999978e+04
4.095651870000000054e+04
4.738191560000000027e+04
2.815294649999999820e+04
3.480367610000000423e+04
2.795708130000000237e+05
8.226621460000000661e+04
1.446617462999999989e+05
1.163812090000000171e+04
1.466388030000000072e+04
1.440648840000000200e+04
7.040093970000000263e+04
3.195650490000000354e+04
1.837061950000000070e+04
2.275233550000000105e+04
2.629996380000000136e+04
1.042882649999999921e+04
1.549080090000000018e+04
3.111749310000000332e+04
1.920603511000000290e+05
1.233638760000000184e+04
4.408531850000000122e+04
1.564004160000000047e+04
2.140117400000000271e+04
1.025917740000000049e+04
3.501805120000000170e+04
1.904880700000000070e+04
3.745386800000000221e+04
2.379027890000000116e+04
1.468323489999999947e+04
1.266154370000000017e+04
1.631347194000000018e+05
5.375644400000000314e+04
3.189355472000000300e+05
3.364200699999999779e+04
8.969362240000000747e+04
1.679929479999999967e+04
1.113322420000000056e+04
3.604842220000000088e+05
1.132800460000000021e+04
1.355121320000000196e+04
1.317648890000000029e+04
4.432607579999999871e+04
3.176632470000000103e+04
1.400804739999999947e+04
1.165998270000000048e+04
1.081140999999999985e+04
1.489164780000000064e+04
1.479368098000000173e+05
4.167970059999999648e+04
1.657655319999999847e+04
1.189332540000000154e+04
1.647748680000000240e+04
2.362666960000000108e+04
1.779889600000000428e+04
1.364171270000000004e+04
2.298786030000000392e+04
6.922564950000001409e+04
1.339533300000000054e+04
1.123748830000000089e+04
1.977265580000000045e+04
7.242558049999999639e+04
1.010058660000000054e+04
1.257565480000000025e+04
1.178693269999999939e+04
1.200174400000000060e+04
4.785903533000000753e+05
1.000101800000000185e+04
2.457074450000000070e+04
1.596241369999999915e+04
2.005156230000000141e+04
1.586041450000000077e+04
1.113688270000000011e+04
1.106615209999999934e+04
1.195097400000000016e+04
6.547392430000000604e+04
6.760315009999999893e+04
2.806632446999999811e+05
3.007078570000000036e+04
2.896594100000000253e+04
3.558761247999999905e+05
2.013415030000000115e+04
4.919581706000000122e+05
1.046642090000000026e+05
5.458143090000000084e+05
1.072829670000000078e+04
2.024931750000000102e+04
2.044697609999999986e+04
2.859438230000000112e+04
1.472801219999999921e+04
3.380390920000000187e+04
3.369820230000000447e+04
1.594563129999999910e+04
3.480367609999999695e+04
7.040093970000001718e+04
3.195650489999999991e+04
1.434271819999999934e+04
1.155087730000000010e+04
1.041926770000000033e+04
1.233638760000000002e+04
1.564004160000000229e+04
1.355121320000000014e+04
1.657655320000000211e+04
1.647748679999999877e+04
1.779889600000000064e+04
4.785903533000000170e+05
1.018611160000000018e+04
6.547392429999999877e+04
3.007078570000000400e+04
1.232449359999999979e+04
1.033368189999999959e+04
1.308115339999999924e+04
1.075118290000000161e+04
1.121329869999999937e+04
2.896594099999999889e+04
1.046642090000000171e+05
2.233580129999999917e+04
1.976316283000000112e+05
1.272469310000000223e+04
3.122807600000000093e+04
1.116125059999999939e+04
3.890038700000000244e+04
1.779727070000000094e+04
1.806346429999999964e+04
6.436048340000000462e+04
1.779864229999999952e+04
8.446882820000000356e+04
1.135544977000000072e+05
4.140541829999999754e+04
3.523398650000000634e+04
1.512038309999999910e+04
1.233582029999999941e+04
4.974899210000000312e+04
1.578225790000000052e+04
1.757365770000000339e+04
5.068480840000000171e+04
1.128088570000000072e+04
1.390100139999999919e+04
1.187319280000000072e+04
2.525554230000000098e+04
1.332610390000000007e+04
1.305621399999999994e+04
2.658277100000000064e+04
3.610904830000000220e+04
1.185091259999999966e+04
3.022622239999999874e+04
4.177603959999999643e+04
1.304407049999999981e+04
1.952187630000000354e+04
1.211615642999999982e+05
2.406103170000000318e+04
1.993688590000000113e+04
2.832361690000000453e+04
1.804426280000000406e+04
2.409291060000000289e+04
4.678184489999999641e+04
1.922964440000000104e+04
7.749497570000000997e+04
1.010293540000000030e+04
5.398639250000000175e+04
1.053286520000000019e+04
1.176596220000000176e+04
1.646877530000000115e+04
1.148896310000000085e+04
1.172183710000000065e+04
1.689444009000000078e+05
1.273856049999999959e+04
1.121077269999999953e+04
1.381874480000000040e+04
1.307200350000000071e+04
2.794766260000000329e+04
2.835954530000000159e+04
1.738695670000000246e+04
1.008725499999999920e+04
5.757423790000000736e+04
2.874569180000000051e+04
1.064773559999999998e+04
1.270635770000000048e+04
1.009335039999999935e+04
1.012747839999999997e+04
4.788730829999999696e+04
1.324223460000000159e+04
1.240633289999999943e+04
1.555515940000000228e+04
1.132177920000000086e+04
4.711630710000000545e+04
1.801270280000000275e+04
1.231473760000000038e+04
2.390770690000000104e+04
6.537000620000000345e+04
1.189058660000000054e+04
1.110090710000000036e+04
1.852241560000000027e+04
1.286610510000000068e+04
2.572172239999999874e+04
6.677011100000000442e+04
1.001466519999999946e+04
1.123604130000000077e+04
1.087746290000000045e+04
1.804902539999999863e+04
1.357278980000000047e+04
7.070443110000000161e+04
2.204782874000000011e+05
1.390392380000000048e+04
1.391956220000000030e+04
1.551548439999999937e+04
1.097641179999999986e+04
3.140104490000000442e+04
1.252617040000000088e+04
1.719790469000000157e+05
3.275229439999999886e+04
4.776678500000000349e+04
1.461981489999999940e+04
1.898851810000000114e+04
1.000881519999999909e+04
5.018344230000000243e+04
1.591545639999999912e+04
4.598984290000000328e+04
1.230533043999999936e+05
1.667068380000000252e+04
1.149929149999999936e+04
2.657149633000000031e+05
1.225279259000000020e+05
2.412144860000000335e+04
2.135410550000000148e+04
2.839614059999999881e+04
2.219252590000000055e+04
3.341994248000000371e+05
3.042398590000000331e+04
2.910033490000000165e+04
6.331769970000000467e+04
3.243975800000000163e+04
1.060847380000000157e+04
1.659410529999999926e+04
5.171362079999999696e+04
1.911390680000000066e+04
2.868831122999999789e+05
4.735671209999999701e+04
3.560317750000000524e+04
6.565898539999999048e+04
1.449220429999999942e+04
1.065070620000000054e+04
1.150349530000000050e+04
1.037870880000000034e+04
1.402146095999999961e+05
2.224994599999999991e+04
1.116561789999999928e+04
3.331084360000000015e+04
2.687011439999999857e+04
2.407207530000000042e+04
1.915405050000000119e+04
1.670829520000000048e+04
4.480797189999999682e+04
1.783469020000000091e+04
2.873369819999999891e+04
4.865600680000000284e+04
1.664402690000000075e+04
1.392655199999999968e+04
1.119956129999999939e+04
1.064346270000000186e+04
2.356112310000000070e+04
1.058654910000000018e+04
2.105496779999999853e+04
1.756244529999999941e+04
6.665757790000000386e+04
1.225673879999999917e+04
1.659410530000000290e+04
2.768014359999999942e+04
2.094058700000000317e+04
3.513890160000000469e+04
2.828074060000000100e+04
3.789093970000000263e+04
1.716801399999999921e+04
2.306691249999999854e+04
2.580351339999999982e+04
2.136777059999999983e+04
1.098911110000000008e+04
2.259661651000000129e+05
1.252134380000000056e+04
2.247773020000000179e+04
4.537709116999999969e+05
4.432862170000000333e+04
3.398410910000000149e+04
1.114939010000000053e+04
1.951924220000000059e+04
3.613829099999999744e+04
1.139910850000000028e+04
1.388563559999999961e+04
2.036591700000000128e+04
4.133267146000000066e+05
1.117217360000000008e+04
1.022034759999999915e+04
1.897377089999999953e+04
1.152106209999999919e+04
1.203294019999999909e+04
1.027421919999999955e+04
1.854823990000000049e+04
2.418363959999999861e+04
2.042594380000000092e+04
1.695783220000000074e+04
1.824969139999999970e+04
1.022138249999999971e+04
1.508964719999999943e+04
1.632159920000000056e+04
1.376185219999999936e+04
1.530681569999999920e+04
8.557650531000000192e+05
1.207250920000000042e+04
1.168303670000000056e+04
2.970608469999999943e+04
3.137072420000000056e+04
1.605863949999999932e+04
1.748913509999999951e+04
1.228842779999999948e+04
1.471777080000000024e+04
1.128057120000000032e+04
3.878192309999999998e+04
1.228045650000000023e+04
4.623783110000000306e+04
2.810042750000000160e+04
2.138287640000000101e+04
1.191238329999999951e+04
1.116794780000000173e+04
2.573469540000000052e+04
1.804612550000000047e+05
1.472431179999999949e+04
1.013727729999999974e+04
6.580919600000001083e+04
2.058087719999999899e+04
2.093758179999999993e+04
2.347911609999999928e+04
1.939256800000000294e+04
4.127532022000000579e+05
3.838075890000000072e+04
2.454022050000000309e+04
2.055042870000000039e+04
1.515936180000000058e+04
4.395012350000000151e+04
1.776079499999999825e+04
5.076611920000000100e+04
1.641437719999999899e+04
3.128582520000000295e+04
2.192479720000000088e+04
2.343437970000000132e+04
1.417178570000000036e+04
1.197739290000000074e+04
1.084691259999999966e+04
2.556155870000000141e+04
1.828411829999999827e+04
1.259361900000000060e+04
1.548896069999999963e+04
1.135818027000000002e+05
1.026458280000000195e+04
1.288019690000000082e+04
3.640315290000000095e+04
2.402380897000000114e+05
9.934273619999999937e+04
9.567607559999999648e+04
1.990415980000000127e+04
1.137253130000000056e+04
1.675135919999999896e+04
2.156308459999999832e+04
1.241511360000000059e+04
1.075030420000000049e+04
2.831331989999999860e+04
5.207300559999999678e+04
1.020960699999999997e+04
2.423357282999999879e+05
1.431122528999999922e+05
8.019255910000001313e+04
2.440556869999999981e+04
1.481806290000000081e+04
5.786922329999999783e+04
2.646335290000000168e+04
1.354641599999999926e+04
1.680978480000000127e+04
2.019486280000000261e+04
2.701680390000000261e+04
1.542433070000000225e+04
1.037294579999999951e+04
1.235266360000000168e+04
1.086556890000000203e+04
1.877892030000000159e+04
6.160086619999999675e+04
2.006356220000000030e+04
1.535527880000000187e+04
1.750351740000000063e+04
1.576638450000000194e+04
1.657164059999999881e+04
1.056012709999999970e+04
5.261678870000000461e+04
6.344797060000000056e+04
2.165455610000000161e+04
1.999523535000000265e+05
5.381726896999999881e+05
4.671518069999999716e+04
2.817901199999999881e+04
1.014349959999999919e+04
1.009314899999999943e+04
1.234710820000000058e+04
9.912194800000000396e+04
2.574240659999999843e+04
1.489334120000000075e+04
2.841639280000000144e+04
1.484526510000000053e+04
1.043506029999999919e+04
1.200477416999999987e+05
1.535936720000000059e+04
1.098188493000000017e+05
1.252796830000000045e+05
2.203632590000000346e+04
1.737261529999999766e+04
1.085921349999999984e+04
1.430910720000000038e+04
3.014684309999999823e+04
1.224365680000000066e+04
1.064153850000000057e+04
1.462360030000000188e+04
1.411669349999999940e+04
1.817880350000000180e+04
1.013567610000000059e+04
3.169730319999999847e+04
1.573228280000000086e+04
2.308605530000000363e+04
1.900700240000000122e+04
2.679364389999999912e+04
1.462360030000000006e+04
1.939256799999999930e+04
4.127532021999999997e+05
2.454022049999999945e+04
1.212767590000000018e+04
1.999523534999999974e+05
1.022389279999999962e+04
1.697225430000000051e+04
4.237127419999999984e+04
1.075485820000000058e+04
4.126129780000000028e+04
7.470495829999999842e+04
2.300187979999999880e+04
1.188975080000000162e+04
1.457290899999999965e+04
1.468787800000000243e+04
1.224225800000000163e+04
2.648897799999999916e+04
3.050595939999999973e+04
1.443962550000000192e+04
1.429067640000000210e+04
7.261118690000000061e+04
2.942689920000000347e+04
1.384993150000000060e+04
1.071004620000000068e+04
1.161592360000000008e+04
1.773492870000000039e+04
2.337437589999999909e+04
1.582222860000000037e+04
1.111737500000000182e+04
1.863161639999999898e+04
1.034387190000000010e+04
8.675646870000001218e+04
1.639580947999999917e+05
2.682051890000000276e+04
1.813913590000000113e+04
3.943771510000000126e+04
1.848353649999999834e+04
1.153171559999999954e+04
9.237694509999999718e+04
8.623261690000000817e+04
1.015306680000000051e+04
1.005307460000000174e+04
1.484533319999999912e+04
8.723465290000000095e+04
4.620620610000000306e+04
1.608145750000000044e+04
1.149177429999999913e+04
5.101797449999999662e+04
3.337339749999999913e+04
1.541752540000000045e+04
2.455479780000000028e+04
2.140378919999999925e+04
1.042900059999999939e+04
2.691940380000000005e+04
5.138519840000000113e+04
1.339095520000000033e+04
1.473298140000000058e+04
4.469485570000000735e+04
3.785384949999999662e+04
2.181816750000000320e+04
4.905690249999999651e+04
3.797750170000000071e+04
6.880238129999999364e+04
2.664868029999999999e+04
1.682594540000000052e+04
1.131686870000000090e+04
3.366856950000000506e+04
1.728588130000000092e+04
1.966253849999999875e+04
1.793716340000000127e+04
3.160957349999999860e+05
4.537713059999999678e+04
3.568068576000000467e+05
1.146510059999999976e+04
1.187686069999999927e+04
2.615026070000000254e+04
5.618661959999999817e+04
2.522789340000000084e+04
1.192773129999999946e+04
1.703682029999999941e+04
1.452798480000000018e+04
1.120455049999999937e+04
1.905622039999999834e+04
1.896000394000000088e+05
1.092060759999999937e+04
1.260623229999999967e+04
1.103449450000000070e+04
2.497833020000000397e+04
1.173922040000000015e+04
2.569449299999999857e+04
1.507851339999999982e+04
1.363673190000000068e+04
1.381823940000000039e+04
1.910334549999999945e+04
2.519609850000000006e+04
1.469511000000000058e+04
1.131242590000000018e+04
1.492527039999999943e+04
1.111557459999999992e+04
1.265651360000000022e+04
2.416919239999999991e+04
9.891851589999999851e+04
1.985512210000000050e+04
1.920836882000000041e+05
1.124372630000000026e+04
1.034144870000000083e+04
2.362496039999999994e+04
5.002757349999999860e+04
2.398571670000000086e+04
1.072322259999999915e+04
2.449215169999999853e+04
1.133948650000000089e+04
1.228650369999999930e+04
1.999665049999999974e+04
2.555898550000000250e+04
2.394120260000000053e+04
1.859657709999999861e+04
1.522868419999999969e+04
1.641387919999999940e+04
1.524658339999999953e+04
1.504818759999999929e+04
4.480444450000000506e+04
1.006634430000000066e+04
8.283205980000000272e+04
1.483560139999999956e+04
1.868424439999999959e+04
1.631962060000000019e+04
3.163170009999999820e+04
1.877118600000000151e+04
1.535027809999999954e+04
1.497642720000000190e+04
1.250852709999999934e+04
1.801187230000000272e+04
1.603938860000000022e+04
8.605123840000000200e+04
6.005632220000000234e+04
1.158597730000000047e+04
1.481525900000000001e+04
2.846704323999999906e+05
1.779624520000000120e+04
1.480340841000000073e+05
1.440153290000000015e+04
4.837420830000000569e+04
1.702244959999999992e+04
2.008891763999999966e+05
4.323737290000000212e+04
2.114817780000000130e+04
2.804525349999999889e+04
1.444310260000000198e+04
1.023711330000000089e+04
4.812078420000000187e+04
3.215401259999999820e+04
1.812067669999999998e+04
1.318557480000000032e+04
1.300729379999999946e+04
1.393990359999999964e+04
5.793835379999999714e+04
1.020885410000000047e+04
3.749698970000000554e+04
1.403895457000000170e+05
2.307693059999999969e+04
3.157927760000000126e+04
1.483187470000000212e+04
6.009468750000000728e+04
1.019219650000000183e+04
2.701861379999999917e+04
1.094366480000000229e+04
1.588704000000000087e+04
2.840101440000000002e+04
1.426153329999999914e+04
1.189538060000000041e+04
1.371581240000000071e+04
1.464524500000000080e+04
1.649675440000000162e+04
3.892877410000000236e+04
1.045533560000000216e+04
1.926410900000000038e+04
1.588807910000000084e+04
1.457998689999999988e+04
1.455630370000000221e+04
1.507858790000000045e+04
1.084139500000000044e+04
5.067158380000000761e+04
4.017737640000000829e+04
1.672496440000000075e+04
1.373012130000000070e+04
1.491912260000000060e+04
2.971960499999999956e+04
2.475443409999999858e+04
4.762893080000000919e+04
1.187180970000000161e+04
1.621561759999999958e+04
2.976100700000000143e+04
1.150636839999999938e+04
1.119284519999999975e+04
1.076019650000000001e+04
1.058320839999999953e+04
2.156841980000000331e+04
5.439871780000000581e+04
1.554028110000000197e+04
1.033769369999999981e+04
3.795397170000000187e+04
1.153626219999999921e+04
2.174515520000000106e+04
3.383411660000000120e+04
3.819429270000000542e+04
9.127779420000000391e+04
2.499972750000000451e+04
1.973499892000000109e+05
2.532945430000000124e+04
1.087462860000000001e+04
5.878707970000000205e+04
1.146035269999999946e+04
2.948770400000000154e+04
2.496797239999999874e+04
4.023952760000000126e+04
3.972007570000000123e+04
1.066576900000000023e+04
5.403564210000000458e+04
1.316320653999999922e+05
6.891544720000000962e+04
1.267768230000000040e+04
7.172134010000000126e+04
1.415052472999999882e+05
2.457902830000000176e+04
7.556242667000000365e+05
3.263673089999999866e+04
1.292497740000000158e+04
3.137703250000000116e+04
1.535442840000000069e+04
4.090485244999999995e+05
2.745743020000000251e+04
3.382508200000000215e+04
5.771132880000000296e+04
2.778737930000000415e+04
1.343692469999999958e+04
2.086364040000000023e+04
1.329455220000000008e+04
1.433880600000000049e+04
4.545282100000000355e+04
1.489490359999999964e+04
2.307137940000000162e+04
1.504471990000000005e+04
5.392461040000000503e+04
2.047298500000000422e+04
2.063953240000000369e+04
5.227215530000000581e+04
5.143558546000000206e+05
4.637945600000000559e+04
1.145267920000000049e+04
1.267822229999999945e+04
2.489479650000000038e+04
1.157348769999999968e+04
1.205453622999999934e+05
2.782297009999999864e+04
2.072583439999999973e+04
1.593205430000000160e+04
1.010094310000000041e+04
1.556806320000000051e+04
1.008903759999999966e+04
1.787853960000000006e+04
1.104960759999999937e+04
4.339636209999999846e+04
2.235269380000000092e+04
1.144361839999999938e+04
1.385097700000000077e+04
2.366093457000000344e+05
2.852943560000000070e+04
8.132407330000000366e+04
3.724769279999999708e+04
1.208145459999999912e+04
1.204521589999999924e+04
5.150933310000000347e+04
1.027687839999999960e+04
1.097439329999999973e+04
9.435049940000000061e+04
3.883904529999999795e+04
1.212613969999999972e+04
6.326163870000000315e+04
3.528004839999999967e+04
1.916450690000000031e+04
1.392288730000000032e+04
3.626223690000000352e+04
1.149306489000000001e+05
4.551714489999999932e+04
1.772116089999999895e+04
1.079841079999999965e+04
4.103224689999999828e+04
1.865495560000000114e+04
1.319828039999999964e+04
2.156449180000000342e+04
1.267883779999999933e+04
1.613330476999999955e+05
1.172789680000000044e+04
2.466025310000000172e+04
4.926087150000000111e+04
5.839076410000000760e+04
1.086958389999999963e+04
1.732066250000000218e+04
4.129774629999999888e+04
4.163110119999999733e+04
1.990672714000000269e+05
2.631852444000000251e+05
1.630168779999999970e+04
3.914533019999999669e+04
1.354148158999999869e+05
1.107231159999999945e+05
2.983305260000000271e+04
1.182009809999999925e+04
3.484663210000000254e+04
1.332064389999999912e+04
2.446073210000000108e+04
2.023143929999999818e+04
1.051303053000000073e+05
1.702339440000000104e+04
5.913038511000000872e+05
2.956806480000000010e+04
1.430283040000000074e+04
1.033508799999999974e+04
3.035646180000000095e+04
3.541308750000000146e+04
1.100517109999999957e+04
2.485026759999999922e+04
1.103720609999999942e+04
5.344266810000000260e+04
1.067666790000000037e+04
1.187868310000000201e+04
1.722068400000000111e+04
3.739684395999999833e+05
1.506071179999999913e+04
1.036074560000000201e+04
1.815867710000000079e+04
1.215434640000000036e+04
5.878707970000000932e+04
1.267768230000000221e+04
1.050515240000000085e+04
3.067930579999999827e+04
1.701746889999999985e+04
2.366093457000000053e+05
1.007515550000000076e+04
2.156449179999999978e+04
2.008424850000000151e+04
1.031708400000000074e+04
1.187868310000000019e+04
1.289948550000000068e+04
1.074137030000000050e+04
1.701242940000000090e+04
1.204917000000000007e+04
1.137883640000000014e+04
1.636490960000000086e+04
2.072583440000000337e+04
1.593205429999999978e+04
1.787853960000000370e+04
1.227788019999999960e+04
5.839076410000000033e+04
1.833678619999999864e+04
1.757046060000000216e+04
1.662436300000000119e+04
9.120851270000000659e+04
1.352043750000000000e+04
4.487825589999999647e+04
3.663181799999999930e+04
1.678377690000000075e+04
2.360912690000000293e+04
2.678325460000000021e+04
1.512968189999999959e+04
1.507385570000000007e+04
1.111507550000000083e+04
1.334959200000000055e+04
1.515657569999999942e+04
1.347825540000000001e+04
1.061807040000000052e+04
7.392610120000000461e+04
3.175690639999999985e+04
1.516117369999999937e+04
2.418768289999999979e+04
4.594083249999999680e+04
2.748809480000000258e+04
3.313120790000000125e+04
1.289101610000000073e+04
8.695806369999999879e+04
2.219399810000000434e+04
3.070256028999999980e+05
1.393785250000000087e+04
8.339798880000000645e+04
1.548977119999999923e+04
2.030655919999999969e+04
5.414973970000000554e+04
1.117153625000000175e+05
1.607936602000000130e+05
1.108509770000000026e+04
6.392734600000000501e+04
2.041763280000000304e+04
2.011238180000000284e+04
1.003856330000000162e+04
3.293541350000000239e+04
1.041342610000000059e+04
4.372981349999999657e+04
5.745948599999999715e+04
1.582089580000000024e+04
2.267242770000000382e+04
2.233563770000000295e+04
1.049089799999999923e+04
1.027823320000000058e+04
4.350310719999999856e+04
1.152644230000000061e+04
1.195760166999999929e+05
3.256577790000000095e+04
1.503003673000000126e+05
2.233075129999999990e+04
1.840877300000000105e+04
1.218166500000000087e+04
7.307589562000000151e+05
2.722028220000000147e+04
2.243134539999999834e+04
1.408010870000000068e+04
1.967561596000000136e+05
1.091861219999999958e+04
4.256043319999999949e+04
1.059579924000000028e+05
2.677987400000000343e+04
3.169547870000000330e+04
1.045354039999999986e+04
4.535482949999999983e+04
1.100225749999999971e+05
5.178827530000000115e+04
3.095763139999999839e+04
1.049483649999999943e+04
1.822453190000000177e+04
1.453770509999999922e+04
1.103327399999999943e+04
1.483233610000000226e+04
1.583861470000000190e+04
7.784048570000000473e+04
1.627188420000000042e+04
3.092109070000000065e+04
1.667170720000000074e+04
1.802713201000000117e+05
2.323179016000000120e+05
5.195905890000000363e+04
1.265957229999999981e+04
4.772625959999999759e+04
1.718204499999999825e+04
4.616553809999999794e+04
2.284536730000000171e+04
1.879188910000000033e+04
2.311758390000000145e+04
3.837679529999999795e+04
1.115990124999999971e+05
1.911381240000000253e+04
1.097220800000000054e+04
1.704866968000000052e+05
4.519964020000000164e+04
1.077889259999999922e+04
1.319021680000000015e+04
1.743981849999999758e+04
1.696392540000000008e+04
3.317914040000000386e+04
1.122721983000000037e+05
1.024436520000000201e+04
6.539259670000000187e+04
3.961390939999999682e+04
4.173037620000000607e+04
1.044543490000000020e+04
1.290842354000000050e+05
3.246602270000000135e+04
1.313842449999999917e+04
1.275033710000000065e+04
1.606904130000000077e+04
8.582127817999999970e+05
3.939901430000000255e+04
1.582901809999999932e+04
1.705411770000000251e+04
2.299228530000000319e+04
2.659948740000000180e+04
1.736025050000000192e+04
1.253182639999999992e+04
1.229876132999999973e+05
1.044694590000000062e+04
1.903370750000000044e+04
1.079663090999999986e+05
1.889431443000000145e+05
1.600409672000000137e+05
2.996764779999999882e+04
1.646688469999999870e+04
1.154120099999999911e+04
2.811494820000000254e+04
7.528861578999999911e+05
4.294816720000000350e+04
2.074639280000000144e+04
1.257115849999999955e+04
1.008129490000000078e+04
2.253627430000000095e+04
1.357231480000000010e+04
2.016518810000000303e+04
1.226910570000000007e+04
1.113852479999999923e+04
1.187469750000000022e+04
1.026773480000000018e+04
1.673542190000000119e+04
4.237980550000000221e+04
9.059720970000000671e+04
2.801381090000000040e+04
1.192501339999999982e+04
4.829035149999999703e+04
2.299228529999999955e+04
1.646688470000000234e+04
1.342355750000000080e+04
1.207779090000000178e+04
1.554517900000000009e+04
1.813480530000000363e+04
4.481418789999999717e+04
8.153837709999999788e+04
9.380112110000000393e+04
1.489047550000000228e+04
4.885848260000000300e+04
4.190058529999999882e+04
5.691271650000000227e+04
1.516092753000000084e+05
1.140318330000000060e+04
9.636887399999999616e+04
1.594955500000000029e+04
5.129860700000000361e+04
2.457164839999999822e+04
2.146338179999999920e+04
3.154846419999999853e+04
1.324611702999999980e+05
1.340396270000000004e+04
1.589628529999999955e+04
1.068650150000000031e+04
1.045479140000000007e+04
2.151167510000000038e+04
1.788466330000000016e+04
2.547927479999999923e+04
1.021244870000000083e+04
1.093548589999999967e+04
1.336961980000000040e+04
1.217036449999999968e+04
2.243924539999999979e+04
1.701358600000000297e+04
2.220107014999999956e+05
5.147992680000000109e+04
2.103941530000000057e+04
2.435636530000000130e+04
4.282966970000000583e+04
9.941081810000000405e+04
1.749865200000000186e+04
1.057519299999999930e+04
1.626785549999999967e+04
2.733314040000000386e+04
4.116340700000000652e+04
1.117843252999999968e+05
1.227129830000000038e+04
1.244751460000000043e+04
2.601344670000000042e+04
1.683979334000000090e+05
1.896377799999999843e+04
2.678772780000000057e+04
3.458741780000000290e+04
2.290297686000000103e+05
1.367414719999999943e+04
1.342249419999999918e+04
3.531687849999999889e+04
1.422914947999999858e+05
3.614226720000000205e+04
1.276854040000000168e+04
2.531305670000000100e+04
2.909183099999999831e+04
2.962449665999999852e+05
1.564929739999999947e+04
1.225749059999999918e+04
3.084368270000000484e+04
1.406070060000000012e+04
7.728049580000000424e+04
1.309986210000000028e+04
8.232480070000000705e+04
1.018223751000000047e+05
6.902681440000000293e+04
2.921246749999999884e+04
2.532108870000000024e+04
1.927532670000000144e+04
1.305847899999999936e+04
5.464223070000000735e+04
2.248942180000000008e+04
3.185986609999999928e+04
1.728535380000000077e+04
2.746409920000000056e+04
1.605274959999999919e+04
4.419317920000000595e+04
1.241187349999999969e+04
1.543006530000000021e+04
1.003919980000000032e+04
1.611316020000000208e+04
2.784551660000000265e+04
2.572480896000000066e+05
4.046771030000000610e+04
1.137475009999999929e+04
1.575457339999999931e+04
1.316121010000000024e+04
2.108355199999999968e+04
2.485089679999999862e+04
1.264112060000000201e+04
1.870820650000000023e+04
2.128100720000000001e+04
1.547938300000000163e+04
4.494574894000000204e+05
1.492828290000000015e+04
1.425398981999999960e+05
1.740097609999999986e+04
1.426680240000000049e+04
1.474613160000000062e+04
1.061196240000000034e+04
1.118441360000000168e+04
2.893163580000000002e+04
1.344986708999999973e+05
2.879922160000000440e+04
1.218452340000000004e+04
2.722935450000000128e+04
1.290131083999999973e+05
1.844923960000000079e+04
6.505826460000000952e+04
4.193491980000000331e+04
1.616072780000000057e+04
1.582013559999999961e+04
1.016862130000000070e+04
1.541281730000000061e+04
1.616886889999999948e+04
1.007052600000000166e+04
1.465156689999999981e+04
1.584639759999999951e+05
2.681014219999999841e+04
1.901398380000000179e+04
1.049020700000000215e+04
3.141502870000000257e+04
6.609170329999999376e+04
1.086486850000000049e+04
9.872587989999999991e+04
2.473063350000000355e+04
1.150581470000000081e+04
1.916521359999999913e+04
2.141223650000000271e+04
1.338973040000000037e+04
2.454932420000000275e+04
2.371598939999999857e+04
1.088348799999999937e+04
1.425398982000000542e+05
1.728767220000000088e+04
1.118441359999999986e+04
1.447884859999999935e+04
1.344986709000000264e+05
2.879922160000000076e+04
1.465156690000000162e+04
6.609170330000000831e+04
1.651225760000000082e+04
1.133440300000000025e+04
4.977635149999999703e+04
1.007052599999999984e+04
1.584639760000000242e+05
1.086486850000000231e+04
1.335090689999999995e+04
2.669077019999999902e+04
1.148055769999999939e+04
1.799661340000000200e+04
2.442588170000000173e+04
1.600302609999999913e+04
2.182025630000000092e+04
1.008026410000000033e+04
1.010345860000000175e+04
1.279466646999999939e+05
1.010031290000000081e+04
1.201751670000000013e+04
3.470339450000000215e+04
1.306955190000000039e+04
1.548580240000000049e+04
1.972606970000000001e+04
1.633732680000000073e+04
1.322961180000000058e+04
3.706044230000000243e+04
2.078920200000000114e+04
5.943271729999999661e+04
1.013096910000000025e+04
1.560194900000000052e+04
1.454828000000000065e+04
1.914087410000000091e+04
2.601247360000000117e+04
6.370629360000000452e+04
1.195279440000000068e+04
1.213594490000000042e+04
1.528505459999999948e+04
2.411123760000000038e+04
1.013388940000000184e+04
1.124035830000000169e+04
2.037005470000000059e+04
1.718654650000000038e+04
4.014392518000000273e+05
2.030640610000000015e+04
1.342535050000000047e+04
1.133466510000000017e+04
1.750993990000000122e+04
1.204839300000000185e+04
1.057137310000000070e+04
1.161249790000000030e+04
1.117620850000000064e+04
1.318212600000000020e+04
1.267205880000000070e+04
2.104424500000000262e+04
7.198507790000000386e+04
1.715289670000000115e+04
1.262696480000000156e+04
6.302764260000000650e+04
7.217597749999999360e+04
1.010181870000000163e+04
1.061567020000000048e+04
3.649908170999999857e+05
5.863901230000000214e+04
2.218042120000000068e+04
2.899451890000000276e+04
5.304816030000000319e+04
2.138288479999999981e+04
1.448833189999999922e+04
1.199881010000000060e+04
1.469416530000000057e+04
1.452767649999999958e+04
3.336765797000000020e+05
3.869553300000000309e+04
1.140331329999999980e+04
1.669318940000000293e+04
3.463828420000000187e+04
2.270858889999999883e+04
2.771776859999999942e+04
1.048924229999999989e+04
1.358387429999999949e+04
1.043542519999999968e+04
3.949692609999999695e+04
2.347347479999999996e+04
1.088958339999999953e+04
2.358717610000000059e+04
1.006134569999999985e+04
1.158105320000000029e+04
3.847071830000000045e+04
6.045205480000000534e+04
1.930371370000000388e+04
1.443745203000000038e+05
2.425621370000000388e+04
1.828856629999999859e+04
1.043636050000000068e+04
3.494581690000000526e+04
1.257885359000000026e+05
2.305777730000000156e+04
5.670619740000000456e+04
5.579422563999999547e+05
1.795754980000000069e+04
1.260198660000000018e+04
1.242937850000000071e+04
2.336283110000000306e+04
1.382182239999999911e+04
5.615747750000000087e+04
5.652420650000000023e+04
9.430744899999999325e+04
1.438960110000000168e+04
1.035981450000000041e+04
1.696736479999999938e+04
1.362325038999999815e+05
3.118188829999999871e+04
1.075837819999999920e+04
6.372792780000000494e+04
1.310589140000000043e+04
1.590178609999999935e+04
3.100971756000000169e+05
1.335632699999999932e+04
1.568706190000000061e+04
1.331639199999999983e+04
4.819157989999999700e+04
2.181499030000000130e+04
6.306379330000000482e+04
6.481694950000000244e+04
5.014730000000000291e+04
1.728866940000000250e+04
5.386658219999999710e+04
1.092472160000000003e+05
2.494545695000000123e+05
1.811815600000000268e+04
3.909521660000000702e+04
1.659531010000000242e+04
1.280518180000000029e+04
2.782346710000000166e+04
5.856439570000000094e+04
1.252324799999999959e+04
1.190819319999999971e+04
1.546977380000000085e+04
2.173937749999999869e+04
4.392968890000000829e+04
1.184725729999999930e+04
3.155361060000000361e+04
4.407244620000000577e+04
3.544397010000000591e+04
4.635382880000000296e+04
1.568218280000000050e+04
1.375808360000000175e+04
1.012124729999999981e+05
2.266448035000000091e+05
1.336786870000000090e+04
1.067514120000000003e+04
4.216406300000000192e+04
2.771776860000000306e+04
1.426716100000000006e+04
3.847071830000000773e+04
1.729971300000000338e+04
5.579422564000000712e+05
1.260198660000000200e+04
1.309213719999999921e+04
6.372792779999999766e+04
2.208454990000000180e+04
2.210703550000000178e+04
4.392968890000000101e+04
1.220533450000000084e+04
1.375808359999999993e+04
1.108387400000000162e+04
1.890666830000000118e+04
1.041016610000000037e+04
3.393232830000000104e+04
1.304651889999999912e+04
1.759578480000000127e+04
1.048924230000000171e+04
1.430256929999999920e+04
1.097073999999999978e+04
1.097074000000000160e+04
1.025937559999999939e+04
1.390615719999999965e+04
2.673894134000000195e+05
1.326619770000000062e+04
6.281569189999999799e+04
4.324692330000000220e+04
2.376166119999999864e+04
1.724227940000000308e+04
2.000758919999999853e+04
1.962497226000000082e+05
2.893695209999999861e+04
1.519448364000000001e+05
1.283222140000000036e+04
3.854761669999999867e+04
1.642307830000000104e+04
4.108782979999999952e+04
3.269221519999999873e+04
1.178177269999999953e+04
1.597374670000000151e+04
1.300904910000000018e+04
1.402443560000000070e+04
1.606155869999999959e+04
2.483605519999999888e+04
4.249247290000000066e+04
6.966045209999999497e+04
1.327692040000000088e+04
1.130074049999999988e+04
1.148994449999999961e+04
1.597452370000000155e+04
2.543928630000000339e+04
1.476624230000000171e+04
1.905997009999999864e+04
4.294289920000000711e+04
2.081750100000000020e+04
8.066748860000001150e+04
1.273576920000000064e+04
4.233357160000000295e+04
1.141560889999999927e+04
1.566641649999999936e+04
1.469112440000000061e+04
2.104842890000000261e+04
4.352671689999999944e+04
1.328914890000000014e+04
1.527606409999999960e+04
4.202412010000000737e+04
1.351071090000000004e+04
3.361283684000000358e+05
1.237884230000000025e+04
1.432760720000000219e+04
9.758229450000000361e+04
1.359682730000000083e+04
3.607677739999999903e+04
6.591689729999999690e+04
1.355785280000000057e+04
1.790935510000000068e+04
1.898605389999999898e+04
2.873544510000000446e+04
2.361071240000000034e+04
1.181132469999999921e+04
1.242772799999999916e+04
1.655843943000000145e+05
1.315788190000000031e+04
1.642583399999999892e+04
2.054044830000000002e+04
3.409726510000000417e+04
5.095233117000000202e+05
1.122455730000000040e+04
1.145437789999999950e+04
1.923574290000000110e+04
3.156864720000000307e+04
1.755439849999999933e+04
1.476708530000000246e+04
1.230400970000000234e+04
6.791715670000000682e+04
1.880113042000000132e+05
1.807471350000000166e+04
3.225770000000000437e+04
4.037926930000000721e+04
1.596407467000000179e+05
7.758561460000000079e+04
1.474247730000000047e+04
3.339425360000000364e+04
3.342319430000000284e+04
1.075989550000000054e+04
2.353968810000000303e+04
1.023088160000000062e+04
2.258959650000000329e+04
3.356022220000000380e+04
7.404849099999999453e+04
1.077578039999999964e+04
8.098403269999999611e+04
6.951999319999999716e+04
1.271180300000000170e+04
1.295387299999999959e+04
3.663749710000000050e+04
1.287960951999999961e+05
1.149018508000000002e+05
4.102841750000000320e+04
1.391794429999999920e+04
1.117359439999999995e+04
1.732079880000000048e+04
1.441013429999999971e+04
3.401158179999999993e+04
2.965136160000000382e+04
1.984224559999999838e+04
1.396846260000000075e+04
1.202055860000000030e+04
1.653886100000000079e+04
5.281975529999999708e+04
1.041763509999999951e+04
1.122981170000000020e+04
1.077649450000000070e+04
1.312487789999999950e+04
2.038659700000000157e+04
1.508495861999999906e+05
4.184309810000000289e+04
2.194924789999999848e+04
4.299544539999999688e+04
1.861237710000000152e+04
6.164851102000001119e+05
1.205117699999999968e+04
1.469572340000000077e+04
1.609461080000000038e+04
4.196457360000000335e+04
3.876642510000000766e+04
6.160757290000000648e+04
3.750175860000000830e+04
1.018184409000000014e+05
2.750501039999999921e+04
1.809049450000000070e+04
7.852943370000000868e+04
1.490827080000000024e+04
4.498872970000000350e+04
4.390372189999999682e+04
1.468761369999999988e+04
1.034735640000000058e+04
1.419812800000000061e+04
1.053248979999999938e+04
3.462132029999999941e+04
1.805027319999999963e+04
1.670525540000000183e+04
1.070966239999999925e+04
1.457354960000000028e+04
1.520932330000000002e+04
1.132843339999999989e+04
1.133753820000000087e+04
1.756538230000000112e+04
6.888103290000000561e+04
7.395864900000000489e+04
1.405301449999999932e+04
1.719551390000000174e+04
1.000705359999999928e+04
1.220017421000000031e+05
1.355592130000000179e+04
1.957119960000000137e+05
1.743343899999999849e+04
1.117037839999999960e+04
4.242245730000000185e+04
1.713680310000000100e+04
3.097844150000000445e+04
3.989447480000000360e+04
1.185096930000000066e+04
2.329853240000000369e+04
3.335746960000000399e+04
1.667828910000000178e+04
4.309370539999999892e+04
2.019990859999999884e+04
3.792026630000000296e+04
1.533478750000000218e+04
8.574091870000000927e+04
5.327451009999999951e+04
4.281701550000000134e+04
4.018841580000000249e+04
2.515566330000000016e+04
2.181247169999999824e+04
9.475394109999999637e+04
1.770736160000000018e+04
1.746725350000000253e+04
1.440945069999999942e+04
1.710642169999999896e+04
5.202157080000000860e+04
4.430513360000000830e+04
2.150965759999999864e+04
4.464815640000000712e+04
6.496434150000000227e+04
2.107579460000000108e+04
6.345017260000000533e+04
9.816922019999999611e+04
1.187248290000000088e+04
6.013011260000000766e+04
7.965922819999999774e+04
2.902101349000000046e+05
1.128478850000000057e+04
1.767945270000000164e+04
7.279019139999999607e+04
1.508675419999999940e+04
1.320792940000000090e+04
4.595953489999999874e+04
3.346485220000000118e+04
1.711953520000000208e+04
1.226946329999999944e+04
1.485763719999999921e+04
1.502732619999999952e+04
6.333831470000000263e+04
1.492849259999999958e+04
2.138078759999999966e+04
2.946855909999999858e+04
1.547939029999999912e+04
2.564549930000000313e+04
1.092424619999999959e+04
1.721225760000000082e+04
7.581165890000000945e+04
8.602879890000000887e+04
1.336214869999999974e+04
5.502192429999999877e+04
2.104085810000000129e+04
3.816372714999999735e+05
1.349652160000000185e+04
1.328968159999999989e+04
1.416912860000000001e+04
9.634276020000000426e+04
2.738095969999999943e+04
1.790620940000000337e+04
1.580980080000000089e+04
1.764910480000000098e+04
3.043528120000000126e+04
1.110287382000000071e+05
1.863326050000000396e+04
1.581388819999999942e+04
1.374294429999999920e+04
1.958492079999999987e+04
6.562714640000001236e+04
1.114124270000000070e+04
1.828033919999999853e+04
3.906336930000000575e+04
3.444893611000000383e+05
1.458026304999999993e+05
2.442866165000000328e+05
3.677092629999999917e+04
1.151409740000000056e+04
1.317218029999999999e+04
1.233322819999999956e+04
7.241284660000000440e+04
1.049316820000000007e+04
2.250548600000000079e+04
2.361405319999999847e+04
1.862921930000000066e+04
2.512086530000000130e+04
1.593479210000000057e+04
2.316612250000000131e+04
1.126872960000000057e+04
1.712052290000000357e+04
2.718604620000000068e+04
4.383848369999999704e+04
2.469341119999999864e+04
3.429504329999999754e+04
3.590699190000000090e+04
1.624445659999999953e+04
1.454118740000000071e+04
2.498643149999999878e+04
1.062360790000000088e+04
1.315173929999999928e+04
1.207146279999999933e+04
8.504980640000001586e+04
6.319919810000000143e+04
1.185564689999999973e+04
1.742738140000000203e+04
2.995986730000000171e+04
1.950498579999999856e+04
2.228862789999999950e+04
6.356593119999999908e+04
1.207009750000000167e+04
1.934116890000000058e+04
1.703651000000000204e+04
1.578573958000000275e+05
6.167262660000000324e+04
1.380869210000000021e+04
1.822101623000000545e+05
8.443302559999999357e+04
1.331478759999999966e+04
1.427014940000000024e+04
2.370935190000000148e+04
1.122727100000000064e+04
2.016655549999999857e+04
2.763762590000000273e+04
1.012044139999999970e+04
1.110905349999999999e+04
6.260633739999999671e+04
1.632784350000000086e+04
1.572839990000000034e+04
1.008478139999999985e+04
2.243383889999999883e+04
4.078024890000000596e+04
1.006495069999999942e+04
3.134124460000000181e+04
1.321856884000000136e+05
2.070029739999999947e+04
2.756055770000000120e+04
1.838440409999999974e+04
6.205502970000000641e+04
2.944361770000000251e+04
1.656471680000000197e+04
1.195111870000000090e+04
1.790620939999999973e+04
2.250548600000000442e+04
8.504980640000000130e+04
1.731820890000000145e+04
2.228862790000000314e+04
2.763762589999999909e+04
1.000383549999999923e+04
1.623430320000000029e+04
1.162481450000000041e+04
1.163841350000000057e+04
3.409323020000000542e+04
2.564549929999999949e+04
1.336214870000000155e+04
5.502192430000000604e+04
1.328968160000000171e+04
1.416912860000000182e+04
1.863326050000000032e+04
6.562714639999999781e+04
2.442866165000000037e+05
3.677092630000000645e+04
1.317218030000000181e+04
1.049316820000000189e+04
2.718604620000000432e+04
3.429504330000000482e+04
1.822101622999999963e+05
8.443302560000000813e+04
1.012044140000000152e+04
1.572839990000000216e+04
1.008478140000000167e+04
1.321856883999999845e+05
